[28] 2824
[28 73] 1422
[28 73 22] 772
[28 73 22 65] 588
[28 73 22 65 54] 501
[28 22] 1311
[28 22 65] 608
[28 22 65 54] 507
[28 65] 1004
[28 65 54] 807
[28 65 54 71] 2
[28 54] 952
[28 54 71] 14
[28 54 71 59] 10
[28 71] 636
[28 71 59] 610
[28 71 59 64] 60
[28 71 59 64 16] 8
[28 71 59 64 16 57] 2
[28 59] 756
[28 59 64] 93
[28 59 64 16] 17
[28 59 64 16 57] 6
[28 59 64 16 57 20] 2
[28 64] 847
[28 64 16] 329
[28 64 16 57] 58
[28 64 16 57 20] 9
[28 64 16 57 20 36] 2
[28 16] 749
[28 16 57] 222
[28 16 57 20] 36
[28 16 57 20 36] 9
[28 57] 662
[28 57 20] 119
[28 57 20 36] 31
[28 57 20 36 75] 9
[28 20] 448
[28 20 36] 125
[28 20 36 75] 19
[28 36] 746
[28 36 75] 115
[28 75] 367
[28 75 6] 25
[28 75 6 62] 6
[28 6] 363
[28 6 62] 47
[28 62] 366
[28 62 51] 65
[28 62 51 34] 10
[28 62 51 34 67] 3
[28 51] 484
[28 51 34] 58
[28 51 34 67] 6
[28 34] 375
[28 34 67] 32
[28 34 67 21] 6
[28 67] 343
[28 67 21] 80
[28 21] 433
[28 21 17] 11
[28 17] 152
[28 17 32] 4
[28 32] 220
[28 32 35] 22
[28 35] 244
[28 35 37] 29
[28 35 37 39] 18
[28 37] 343
[28 37 39] 30
[28 37 39 55] 2
[28 39] 209
[28 39 55] 13
[28 39 55 7] 3
[28 39 55 7 68] 3
[28 55] 229
[28 55 7] 6
[28 55 7 68] 3
[28 7] 181
[28 7 68] 8
[28 7 68 76] 2
[28 68] 221
[28 68 76] 13
[28 76] 207
[28 76 38] 20
[28 38] 201
[28 38 58] 15
[28 38 58 42] 15
[28 58] 177
[28 58 42] 177
[28 58 42 33] 22
[28 58 42 33 18] 2
[28 42] 177
[28 42 33] 22
[28 42 33 18] 2
[28 33] 231
[28 33 18] 20
[28 33 18 69] 2
[28 18] 177
[28 18 69] 6
[28 69] 176
[28 70] 148
[28 5] 40
[28 29] 143
[28 29 30] 65
[28 29 30 14] 8
[28 30] 125
[28 30 14] 15
[28 14] 165
[28 25] 98
[28 25 53] 2
[28 53] 103
[28 53 10] 11
[28 10] 100
[28 10 72] 4
[28 72] 79
[28 72 19] 2
[28 72 19 60] 2
[28 19] 114
[28 19 60] 3
[28 60] 71
[28 60 52] 4
[28 52] 31
[28 31] 51
[28 31 63] 3
[28 63] 82
[28 63 48] 2
[28 48] 88
[28 66] 68
[28 47] 77
[28 47 11] 4
[28 11] 51
[28 11 45] 13
[28 11 45 13] 10
[28 45] 81
[28 45 13] 18
[28 13] 75
[28 13 56] 3
[28 56] 56
[28 56 23] 2
[28 23] 38
[28 23 8] 2
[28 8] 14
[28 8 12] 2
[28 12] 71
[28 2] 26
[28 26] 59
[28 9] 21
[28 40] 18
[28 24] 19
[28 61] 16
[28 44] 14
[28 74] 18
[28 41] 18
[28 49] 9
[28 1] 2
[28 15] 7
[28 27] 4
[28 0] 4
[73] 2811
[73 22] 1519
[73 22 65] 1158
[73 22 65 54] 956
[73 22 65 54 71] 2
[73 65] 1926
[73 65 54] 1561
[73 65 54 71] 5
[73 54] 1819
[73 54 71] 26
[73 54 71 59] 17
[73 71] 131
[73 71 59] 106
[73 71 59 64] 21
[73 71 59 64 16] 2
[73 59] 339
[73 59 64] 30
[73 59 64 16] 4
[73 64] 147
[73 64 16] 28
[73 64 16 57] 5
[73 16] 671
[73 16 57] 274
[73 16 57 20] 47
[73 16 57 20 36] 5
[73 57] 782
[73 57 20] 155
[73 57 20 36] 25
[73 57 20 36 75] 9
[73 20] 513
[73 20 36] 67
[73 20 36 75] 20
[73 36] 435
[73 36 75] 118
[73 75] 754
[73 75 6] 38
[73 75 6 62] 12
[73 6] 141
[73 6 62] 51
[73 62] 504
[73 62 51] 68
[73 62 51 34] 10
[73 62 51 34 67] 2
[73 51] 342
[73 51 34] 51
[73 51 34 67] 5
[73 34] 330
[73 34 67] 52
[73 34 67 21] 10
[73 67] 589
[73 67 21] 113
[73 21] 490
[73 21 17] 23
[73 17] 294
[73 17 32] 12
[73 17 32 35] 5
[73 32] 495
[73 32 35] 52
[73 35] 334
[73 35 37] 11
[73 35 37 39] 5
[73 35 37 39 55] 2
[73 37] 140
[73 37 39] 10
[73 37 39 55] 4
[73 39] 297
[73 39 55] 48
[73 39 55 7] 14
[73 39 55 7 68] 8
[73 55] 477
[73 55 7] 27
[73 55 7 68] 15
[73 7] 225
[73 7 68] 26
[73 7 68 76] 3
[73 68] 435
[73 68 76] 32
[73 68 76 38] 3
[73 76] 408
[73 76 38] 35
[73 76 38 58] 3
[73 76 38 58 42] 3
[73 38] 287
[73 38 58] 32
[73 38 58 42] 32
[73 58] 357
[73 58 42] 357
[73 58 42 33] 22
[73 58 42 33 18] 2
[73 42] 357
[73 42 33] 22
[73 42 33 18] 2
[73 33] 167
[73 33 18] 12
[73 18] 160
[73 69] 21
[73 70] 219
[73 70 5] 4
[73 5] 168
[73 29] 17
[73 29 30] 7
[73 30] 59
[73 30 14] 3
[73 14] 72
[73 25] 50
[73 25 53] 3
[73 53] 178
[73 53 10] 16
[73 10] 163
[73 10 72] 7
[73 72] 171
[73 72 19] 5
[73 72 19 60] 5
[73 19] 90
[73 19 60] 6
[73 60] 152
[73 60 52] 12
[73 52] 82
[73 52 31] 2
[73 31] 101
[73 31 63] 6
[73 63] 137
[73 63 48] 3
[73 48] 45
[73 66] 132
[73 47] 117
[73 47 11] 5
[73 11] 87
[73 11 45] 10
[73 11 45 13] 7
[73 45] 33
[73 45 13] 11
[73 13] 78
[73 13 56] 3
[73 56] 100
[73 56 23] 5
[73 23] 68
[73 23 8] 4
[73 8] 93
[73 8 12] 2
[73 12] 82
[73 2] 24
[73 26] 12
[73 9] 56
[73 40] 28
[73 24] 26
[73 61] 29
[73 44] 10
[73 74] 27
[73 41] 20
[73 49] 9
[73 1] 3
[73 15] 3
[73 27] 2
[73 46] 2
[22] 2650
[22 65] 1198
[22 65 54] 970
[22 65 54 71] 2
[22 54] 1070
[22 54 71] 10
[22 54 71 59] 5
[22 71] 792
[22 71 59] 561
[22 71 59 64] 42
[22 71 59 64 16] 3
[22 59] 699
[22 59 64] 55
[22 59 64 16] 7
[22 59 64 16 57] 3
[22 64] 411
[22 64 16] 164
[22 64 16 57] 24
[22 64 16 57 20] 4
[22 64 16 57 20 36] 2
[22 16] 562
[22 16 57] 185
[22 16 57 20] 31
[22 16 57 20 36] 8
[22 57] 593
[22 57 20] 108
[22 57 20 36] 24
[22 57 20 36 75] 6
[22 20] 417
[22 20 36] 69
[22 20 36 75] 11
[22 36] 522
[22 36 75] 101
[22 75] 450
[22 75 6] 21
[22 75 6 62] 5
[22 6] 405
[22 6 62] 42
[22 62] 327
[22 34] 333
[22 34 67] 23
[22 34 67 21] 9
[22 67] 367
[22 67 21] 129
[22 21] 656
[22 21 17] 33
[22 17] 301
[22 17 32] 3
[22 17 32 35] 3
[22 32] 281
[22 32 35] 32
[22 35] 285
[22 35 37] 23
[22 35 37 39] 12
[22 37] 259
[22 37 39] 22
[22 37 39 55] 2
[22 39] 241
[22 39 55] 31
[22 39 55 7] 10
[22 39 55 7 68] 6
[22 55] 353
[22 55 7] 21
[22 55 7 68] 12
[22 7] 246
[22 7 68] 20
[22 7 68 76] 2
[22 68] 339
[22 68 76] 22
[22 68 76 38] 2
[22 76] 206
[22 76 38] 16
[22 76 38 58] 2
[22 76 38 58 42] 2
[22 38] 166
[22 38 58] 16
[22 38 58 42] 16
[22 58] 186
[22 58 42] 186
[22 58 42 33] 11
[22 42] 186
[22 42 33] 11
[22 33] 119
[22 33 18] 8
[22 18] 131
[22 69] 64
[22 70] 197
[22 70 5] 3
[22 5] 127
[22 5 29] 6
[22 5 29 30] 3
[22 29] 82
[22 29 30] 44
[22 29 30 14] 8
[22 30] 89
[22 30 14] 17
[22 14] 207
[22 25] 105
[22 53] 125
[22 53 10] 17
[22 10] 178
[22 10 72] 7
[22 72] 87
[22 72 19] 4
[22 72 19 60] 4
[22 19] 81
[22 19 60] 5
[22 60] 85
[22 60 52] 4
[22 52] 83
[22 52 31] 2
[22 31] 69
[22 63] 50
[22 63 48] 3
[22 48] 79
[22 66] 63
[22 47] 95
[22 47 11] 6
[22 11] 107
[22 11 45] 18
[22 11 45 13] 13
[22 45] 87
[22 45 13] 23
[22 13] 105
[22 13 56] 3
[22 56] 72
[22 56 23] 3
[22 23] 58
[22 23 8] 5
[22 8] 90
[22 8 12] 4
[22 12] 93
[22 2] 39
[22 26] 52
[22 9] 56
[22 40] 25
[22 24] 25
[22 61] 29
[22 44] 13
[22 74] 26
[22 41] 22
[22 49] 10
[22 1] 9
[22 15] 9
[22 27] 4
[22 0] 2
[65] 2010
[65 54] 1592
[65 54 71] 5
[65 71] 7
[65 71 59] 2
[65 59] 131
[65 16] 513
[65 16 57] 253
[65 16 57 20] 48
[65 16 57 20 36] 7
[65 57] 717
[65 57 20] 146
[65 57 20 36] 27
[65 57 20 36 75] 7
[65 20] 379
[65 20 36] 63
[65 20 36 75] 16
[65 36] 387
[65 36 75] 104
[65 75] 582
[65 75 6] 23
[65 75 6 62] 3
[65 6] 57
[65 6 62] 10
[65 62] 169
[65 62 51] 25
[65 62 51 34] 3
[65 62 51 34 67] 2
[65 51] 213
[65 51 34] 34
[65 51 34 67] 5
[65 34] 217
[65 34 67] 45
[65 34 67 21] 9
[65 67] 515
[65 67 21] 102
[65 21] 421
[65 21 17] 17
[65 17] 154
[65 17 32] 6
[65 17 32 35] 2
[65 32] 387
[65 32 35] 34
[65 35] 193
[65 35 37] 7
[65 35 37 39] 3
[65 37] 96
[65 37 39] 5
[65 37 39 55] 2
[65 39] 169
[65 39 55] 34
[65 39 55 7] 9
[65 39 55 7 68] 6
[65 55] 407
[65 55 7] 21
[65 55 7 68] 13
[65 7] 119
[65 7 68] 18
[65 68] 391
[65 68 76] 22
[65 68 76 38] 2
[65 76] 207
[65 76 38] 23
[65 76 38 58] 2
[65 76 38 58 42] 2
[65 38] 207
[65 38 58] 21
[65 38 58 42] 21
[65 58] 233
[65 58 42] 233
[65 58 42 33] 13
[65 42] 233
[65 42 33] 13
[65 33] 126
[65 33 18] 9
[65 18] 122
[65 70] 228
[65 70 5] 4
[65 5] 98
[65 29] 15
[65 29 30] 7
[65 30] 35
[65 14] 60
[65 25] 25
[65 25 53] 2
[65 53] 170
[65 53 10] 15
[65 10] 145
[65 10 72] 4
[65 72] 42
[65 19] 64
[65 60] 40
[65 52] 36
[65 31] 78
[65 31 63] 2
[65 63] 21
[65 48] 39
[65 66] 97
[65 47] 115
[65 47 11] 6
[65 11] 78
[65 11 45] 10
[65 11 45 13] 7
[65 45] 30
[65 45 13] 10
[65 13] 72
[65 56] 58
[65 23] 41
[65 23 8] 4
[65 8] 73
[65 8 12] 3
[65 12] 77
[65 2] 4
[65 26] 11
[65 9] 48
[65 40] 5
[65 24] 18
[65 61] 32
[65 44] 6
[65 74] 27
[65 41] 21
[65 49] 7
[65 15] 2
[54] 1864
[54 71] 27
[54 71 59] 18
[54 59] 149
[54 16] 474
[54 16 57] 215
[54 16 57 20] 37
[54 16 57 20 36] 5
[54 57] 614
[54 57 20] 115
[54 57 20 36] 19
[54 57 20 36 75] 8
[54 20] 334
[54 20 36] 51
[54 20 36 75] 16
[54 36] 345
[54 36 75] 93
[54 75] 522
[54 75 6] 21
[54 6] 58
[54 51] 217
[54 51 34] 34
[54 51 34 67] 3
[54 34] 192
[54 34 67] 32
[54 34 67 21] 7
[54 67] 419
[54 67 21] 88
[54 21] 374
[54 21 17] 16
[54 17] 159
[54 17 32] 6
[54 17 32 35] 2
[54 32] 339
[54 32 35] 27
[54 35] 172
[54 35 37] 6
[54 37] 82
[54 37 39] 3
[54 39] 154
[54 39 55] 35
[54 39 55 7] 8
[54 39 55 7 68] 4
[54 55] 392
[54 55 7] 19
[54 55 7 68] 10
[54 7] 111
[54 7 68] 16
[54 68] 349
[54 68 76] 22
[54 68 76 38] 2
[54 76] 226
[54 76 38] 20
[54 76 38 58] 2
[54 76 38 58 42] 2
[54 38] 178
[54 38 58] 22
[54 38 58 42] 22
[54 58] 220
[54 58 42] 220
[54 58 42 33] 15
[54 58 42 33 18] 2
[54 42] 220
[54 42 33] 15
[54 42 33 18] 2
[54 33] 126
[54 33 18] 11
[54 18] 113
[54 70] 187
[54 70 5] 3
[54 5] 104
[54 29] 10
[54 29 30] 5
[54 30] 38
[54 30 14] 2
[54 14] 56
[54 25] 28
[54 25 53] 2
[54 53] 137
[54 53 10] 13
[54 10] 125
[54 10 72] 2
[54 72] 22
[54 72 19] 2
[54 72 19 60] 2
[54 19] 64
[54 19 60] 2
[54 60] 23
[54 52] 29
[54 31] 66
[54 31 63] 2
[54 63] 35
[54 48] 33
[54 66] 91
[54 47] 94
[54 47 11] 5
[54 11] 68
[54 11 45] 9
[54 11 45 13] 6
[54 45] 20
[54 45 13] 7
[54 13] 65
[54 56] 36
[54 23] 31
[54 23 8] 2
[54 8] 61
[54 8 12] 2
[54 12] 72
[54 2] 6
[54 26] 9
[54 9] 41
[54 40] 4
[54 24] 20
[54 61] 25
[54 44] 4
[54 74] 21
[54 41] 17
[54 49] 5
[54 15] 2
[71] 1582
[71 59] 1127
[71 59 64] 86
[71 59 64 16] 9
[71 59 64 16 57] 2
[71 64] 101
[71 64 16] 10
[71 64 16 57] 2
[71 16] 88
[71 16 57] 4
[71 16 57 20] 3
[71 57] 205
[71 57 20] 35
[71 20] 210
[71 75] 17
[71 75 6] 4
[71 75 6 62] 2
[71 6] 628
[71 6 62] 30
[71 62] 116
[71 34] 263
[71 17] 169
[71 32] 4
[71 32 35] 2
[71 35] 136
[71 37] 12
[71 39] 84
[71 55] 2
[71 7] 169
[71 7 68] 2
[71 68] 5
[71 68 76] 2
[71 76] 66
[71 58] 19
[71 58 42] 19
[71 42] 19
[71 18] 62
[71 69] 80
[71 5] 34
[71 29] 5
[71 29 30] 3
[71 30] 8
[71 25] 146
[71 72] 25
[71 19] 67
[71 60] 28
[71 60 52] 2
[71 52] 38
[71 63] 34
[71 66] 9
[71 56] 5
[71 23] 2
[71 2] 67
[71 40] 5
[71 24] 17
[71 44] 6
[71 1] 18
[71 0] 3
[71 3] 3
[59] 1455
[59 64] 139
[59 64 16] 21
[59 64 16 57] 6
[59 64 16 57 20] 2
[59 16] 126
[59 16 57] 28
[59 16 57 20] 6
[59 57] 236
[59 57 20] 40
[59 20] 252
[59 20 36] 3
[59 36] 21
[59 36 75] 6
[59 75] 74
[59 75 6] 14
[59 75 6 62] 5
[59 6] 536
[59 6 62] 44
[59 62] 207
[59 62 51] 9
[59 62 51 34] 2
[59 51] 31
[59 51 34] 6
[59 34] 215
[59 34 67] 9
[59 34 67 21] 2
[59 67] 71
[59 67 21] 9
[59 21] 26
[59 17] 168
[59 32] 42
[59 32 35] 5
[59 35] 171
[59 35 37] 6
[59 35 37 39] 4
[59 37] 30
[59 37 39] 4
[59 39] 111
[59 39 55] 3
[59 39 55 7] 2
[59 39 55 7 68] 2
[59 55] 26
[59 55 7] 4
[59 55 7 68] 2
[59 7] 143
[59 7 68] 6
[59 68] 33
[59 68 76] 3
[59 76] 118
[59 76 38] 6
[59 38] 30
[59 38 58] 3
[59 38 58 42] 3
[59 58] 43
[59 58 42] 43
[59 58 42 33] 4
[59 42] 43
[59 42 33] 4
[59 33] 8
[59 18] 67
[59 18 69] 2
[59 69] 86
[59 70] 7
[59 5] 48
[59 29] 7
[59 29 30] 4
[59 30] 18
[59 14] 3
[59 25] 213
[59 25 53] 4
[59 53] 15
[59 10] 11
[59 72] 31
[59 19] 64
[59 60] 39
[59 60 52] 3
[59 52] 41
[59 31] 6
[59 63] 59
[59 48] 5
[59 66] 16
[59 47] 2
[59 11] 6
[59 56] 10
[59 23] 12
[59 23 8] 2
[59 8] 10
[59 2] 64
[59 26] 2
[59 9] 5
[59 40] 5
[59 24] 21
[59 44] 10
[59 74] 2
[59 49] 4
[59 1] 14
[59 0] 3
[64] 1264
[64 16] 428
[64 16 57] 71
[64 16 57 20] 11
[64 16 57 20 36] 2
[64 57] 152
[64 57 20] 32
[64 57 20 36] 4
[64 20] 255
[64 20 36] 59
[64 36] 309
[64 36 75] 2
[64 75] 20
[64 75 6] 2
[64 6] 70
[64 51] 353
[64 51 34] 37
[64 34] 182
[64 34 67] 4
[64 67] 94
[64 67 21] 19
[64 21] 169
[64 21 17] 13
[64 17] 175
[64 17 32] 6
[64 17 32 35] 2
[64 32] 101
[64 32 35] 26
[64 35] 172
[64 35 37] 38
[64 35 37 39] 25
[64 37] 376
[64 37 39] 36
[64 39] 162
[64 55] 6
[64 7] 109
[64 76] 18
[64 76 38] 3
[64 38] 78
[64 58] 14
[64 58 42] 14
[64 42] 14
[64 33] 130
[64 33 18] 9
[64 33 18 69] 3
[64 18] 68
[64 18 69] 9
[64 69] 279
[64 69 70] 2
[64 70] 11
[64 5] 53
[64 5 29] 10
[64 5 29 30] 6
[64 29] 193
[64 29 30] 99
[64 29 30 14] 8
[64 30] 139
[64 30 14] 14
[64 14] 126
[64 25] 20
[64 53] 8
[64 10] 15
[64 72] 60
[64 19] 17
[64 60] 52
[64 60 52] 9
[64 52] 57
[64 52 31] 5
[64 31] 36
[64 63] 6
[64 48] 78
[64 66] 7
[64 11] 22
[64 11 45] 5
[64 11 45 13] 3
[64 45] 65
[64 45 13] 9
[64 13] 20
[64 56] 14
[64 56 23] 2
[64 23] 29
[64 8] 3
[64 12] 12
[64 2] 9
[64 26] 50
[64 9] 4
[64 40] 30
[64 24] 3
[64 61] 2
[64 44] 14
[64 49] 11
[64 15] 5
[64 27] 5
[16] 1217
[16 57] 369
[16 57 20] 64
[16 57 20 36] 9
[16 20] 198
[16 20 36] 33
[16 20 36 75] 3
[16 36] 274
[16 36 75] 31
[16 75] 175
[16 62] 156
[16 62 51] 23
[16 62 51 34] 3
[16 51] 216
[16 51 34] 16
[16 34] 103
[16 34 67] 7
[16 67] 189
[16 67 21] 59
[16 21] 271
[16 21 17] 3
[16 17] 58
[16 17 32] 5
[16 32] 38
[16 32 35] 5
[16 35] 86
[16 35 37] 11
[16 35 37 39] 6
[16 37] 185
[16 37 39] 10
[16 39] 78
[16 39 55] 7
[16 55] 105
[16 55 7] 5
[16 55 7 68] 4
[16 7] 46
[16 7 68] 4
[16 68] 107
[16 68 76] 4
[16 76] 77
[16 58] 77
[16 58 42] 77
[16 42] 77
[16 33] 62
[16 33 18] 8
[16 18] 88
[16 69] 62
[16 70] 81
[16 5] 16
[16 29] 61
[16 29 30] 30
[16 29 30 14] 6
[16 30] 66
[16 30 14] 10
[16 14] 135
[16 25] 14
[16 53] 53
[16 53 10] 4
[16 10] 32
[16 72] 31
[16 19] 28
[16 60] 34
[16 52] 16
[16 63] 33
[16 63 48] 2
[16 48] 66
[16 66] 36
[16 47] 42
[16 47 11] 2
[16 11] 29
[16 11 45] 9
[16 11 45 13] 6
[16 45] 51
[16 45 13] 11
[16 13] 56
[16 56] 20
[16 23] 9
[16 8] 12
[16 12] 38
[16 2] 2
[16 26] 37
[16 9] 6
[16 40] 6
[16 24] 5
[16 61] 12
[16 44] 12
[16 74] 7
[16 41] 5
[16 49] 6
[16 1] 4
[16 15] 5
[16 27] 3
[57] 1170
[57 20] 221
[57 20 36] 33
[57 20 36 75] 9
[57 36] 182
[57 36 75] 47
[57 75] 237
[57 75 6] 8
[57 6] 78
[57 6 62] 16
[57 62] 135
[57 62 51] 21
[57 62 51 34] 2
[57 51] 144
[57 51 34] 6
[57 34] 87
[57 34 67] 23
[57 34 67 21] 6
[57 67] 352
[57 67 21] 88
[57 21] 214
[57 21 17] 5
[57 17] 58
[57 32] 120
[57 32 35] 5
[57 35] 77
[57 35 37] 4
[57 35 37 39] 3
[57 37] 73
[57 37 39] 7
[57 39] 83
[57 39 55] 12
[57 55] 176
[57 55 7] 6
[57 55 7 68] 4
[57 7] 29
[57 7 68] 5
[57 68] 176
[57 68 76] 7
[57 76] 73
[57 76 38] 4
[57 38] 41
[57 58] 68
[57 58 42] 68
[57 58 42 33] 8
[57 42] 68
[57 42 33] 8
[57 33] 106
[57 33 18] 6
[57 18] 82
[57 69] 25
[57 70] 217
[57 70 5] 4
[57 5] 16
[57 29] 21
[57 29 30] 8
[57 30] 19
[57 14] 59
[57 25] 59
[57 25 53] 2
[57 53] 103
[57 53 10] 8
[57 10] 56
[57 72] 24
[57 19] 55
[57 60] 25
[57 52] 14
[57 31] 16
[57 63] 28
[57 63 48] 2
[57 48] 75
[57 66] 38
[57 47] 59
[57 47 11] 2
[57 11] 35
[57 11 45] 11
[57 11 45 13] 10
[57 45] 58
[57 45 13] 15
[57 13] 49
[57 56] 21
[57 23] 15
[57 8] 19
[57 12] 49
[57 2] 15
[57 26] 21
[57 9] 14
[57 24] 14
[57 61] 25
[57 44] 5
[57 74] 27
[57 41] 5
[57 49] 10
[57 15] 2
[57 46] 2
[20] 938
[20 36] 130
[20 36 75] 20
[20 75] 177
[20 75 6] 7
[20 75 6 62] 4
[20 6] 110
[20 6 62] 11
[20 62] 132
[20 62 51] 16
[20 62 51 34] 5
[20 62 51 34 67] 3
[20 51] 115
[20 51 34] 32
[20 51 34 67] 6
[20 34] 209
[20 34 67] 23
[20 34 67 21] 3
[20 67] 161
[20 67 21] 26
[20 21] 93
[20 21 17] 7
[20 17] 140
[20 17 32] 6
[20 17 32 35] 4
[20 32] 110
[20 32 35] 30
[20 35] 213
[20 35 37] 23
[20 35 37 39] 14
[20 37] 118
[20 37 39] 19
[20 39] 166
[20 39 55] 14
[20 39 55 7] 5
[20 39 55 7 68] 4
[20 55] 81
[20 55 7] 8
[20 55 7 68] 5
[20 7] 163
[20 7 68] 8
[20 7 68 76] 2
[20 68] 74
[20 68 76] 5
[20 76] 69
[20 76 38] 5
[20 38] 57
[20 38 58] 5
[20 38 58 42] 5
[20 58] 62
[20 58 42] 62
[20 58 42 33] 3
[20 42] 62
[20 42 33] 3
[20 33] 57
[20 33 18] 5
[20 18] 56
[20 18 69] 3
[20 69] 58
[20 70] 54
[20 5] 66
[20 5 29] 5
[20 5 29 30] 2
[20 29] 51
[20 29 30] 26
[20 30] 51
[20 14] 27
[20 25] 37
[20 53] 38
[20 53 10] 3
[20 10] 27
[20 72] 38
[20 19] 25
[20 60] 35
[20 60 52] 2
[20 52] 45
[20 52 31] 2
[20 31] 17
[20 63] 22
[20 48] 27
[20 66] 67
[20 47] 18
[20 11] 18
[20 11 45] 3
[20 11 45 13] 2
[20 45] 20
[20 45 13] 4
[20 13] 10
[20 56] 22
[20 56 23] 2
[20 23] 25
[20 8] 14
[20 8 12] 2
[20 12] 14
[20 2] 14
[20 26] 14
[20 9] 10
[20 40] 15
[20 24] 9
[20 61] 5
[20 44] 6
[20 74] 8
[20 49] 5
[20 1] 6
[20 27] 3
[36] 776
[36 75] 118
[36 6] 3
[36 62] 70
[36 62 51] 9
[36 51] 108
[36 51 34] 13
[36 51 34 67] 2
[36 34] 89
[36 34 67] 13
[36 34 67 21] 3
[36 67] 139
[36 67 21] 59
[36 21] 298
[36 32] 37
[36 32 35] 3
[36 35] 50
[36 35 37] 11
[36 35 37 39] 6
[36 37] 152
[36 37 39] 12
[36 39] 54
[36 39 55] 6
[36 55] 102
[36 55 7] 3
[36 7] 32
[36 7 68] 2
[36 68] 98
[36 68 76] 4
[36 76] 39
[36 76 38] 3
[36 38] 59
[36 38 58] 3
[36 38 58 42] 3
[36 58] 52
[36 58 42] 52
[36 58 42 33] 11
[36 58 42 33 18] 2
[36 42] 52
[36 42 33] 11
[36 42 33 18] 2
[36 33] 118
[36 33 18] 14
[36 18] 56
[36 69] 31
[36 70] 73
[36 29] 58
[36 29 30] 24
[36 29 30 14] 6
[36 30] 45
[36 30 14] 10
[36 14] 131
[36 25] 4
[36 53] 48
[36 53 10] 7
[36 10] 59
[36 10 72] 3
[36 72] 11
[36 72 19] 2
[36 72 19 60] 2
[36 19] 26
[36 19 60] 3
[36 60] 11
[36 31] 9
[36 63] 19
[36 63 48] 2
[36 48] 56
[36 66] 21
[36 47] 43
[36 47 11] 4
[36 11] 38
[36 11 45] 12
[36 11 45 13] 9
[36 45] 51
[36 45 13] 13
[36 13] 66
[36 13 56] 2
[36 56] 16
[36 23] 4
[36 8] 3
[36 12] 52
[36 26] 50
[36 9] 4
[36 40] 4
[36 24] 2
[36 61] 9
[36 44] 4
[36 74] 5
[36 41] 10
[36 49] 4
[36 15] 4
[75] 754
[75 6] 38
[75 6 62] 12
[75 62] 119
[75 62 51] 12
[75 62 51 34] 3
[75 51] 68
[75 51 34] 16
[75 34] 106
[75 34 67] 19
[75 34 67 21] 3
[75 67] 174
[75 67 21] 38
[75 21] 137
[75 21 17] 7
[75 17] 72
[75 17 32] 2
[75 32] 149
[75 32 35] 13
[75 35] 119
[75 35 37] 4
[75 35 37 39] 3
[75 37] 38
[75 37 39] 3
[75 39] 104
[75 39 55] 18
[75 39 55 7] 3
[75 55] 121
[75 55 7] 6
[75 55 7 68] 4
[75 7] 68
[75 7 68] 6
[75 68] 106
[75 68 76] 13
[75 76] 101
[75 76 38] 10
[75 38] 69
[75 38 58] 9
[75 38 58 42] 9
[75 58] 141
[75 58 42] 141
[75 58 42 33] 7
[75 42] 141
[75 42 33] 7
[75 33] 52
[75 33 18] 2
[75 18] 43
[75 70] 70
[75 5] 42
[75 29] 6
[75 29 30] 3
[75 30] 22
[75 14] 19
[75 25] 14
[75 53] 62
[75 53 10] 5
[75 10] 48
[75 19] 29
[75 52] 37
[75 31] 29
[75 31 63] 2
[75 63] 30
[75 48] 6
[75 66] 94
[75 47] 19
[75 11] 22
[75 45] 8
[75 13] 12
[75 23] 22
[75 8] 24
[75 12] 21
[75 2] 4
[75 26] 3
[75 9] 18
[75 40] 8
[75 24] 5
[75 61] 8
[75 74] 8
[75 41] 2
[75 49] 2
[75 15] 2
[6] 753
[6 62] 72
[6 51] 4
[6 34] 139
[6 67] 7
[6 21] 6
[6 17] 31
[6 32] 14
[6 32 35] 4
[6 35] 87
[6 35 37] 3
[6 35 37 39] 2
[6 37] 14
[6 37 39] 5
[6 39] 74
[6 39 55] 3
[6 39 55 7] 3
[6 39 55 7 68] 2
[6 55] 9
[6 55 7] 3
[6 55 7 68] 2
[6 7] 99
[6 7 68] 6
[6 68] 11
[6 76] 40
[6 58] 22
[6 58 42] 22
[6 42] 22
[6 18] 40
[6 69] 48
[6 70] 2
[6 29] 8
[6 29 30] 4
[6 30] 12
[6 25] 71
[6 53] 2
[6 72] 30
[6 19] 35
[6 60] 28
[6 60 52] 3
[6 52] 29
[6 63] 7
[6 66] 7
[6 45] 2
[6 56] 13
[6 23] 5
[6 8] 3
[6 2] 48
[6 9] 2
[6 40] 9
[6 24] 12
[6 44] 4
[6 1] 3
[6 0] 3
[62] 751
[62 51] 116
[62 51 34] 17
[62 51 34 67] 4
[62 34] 82
[62 34 67] 12
[62 67] 116
[62 67 21] 14
[62 21] 83
[62 21 17] 6
[62 17] 117
[62 32] 101
[62 32 35] 7
[62 35] 106
[62 35 37] 6
[62 35 37 39] 4
[62 37] 81
[62 37 39] 7
[62 37 39 55] 2
[62 39] 95
[62 39 55] 10
[62 39 55 7] 4
[62 39 55 7 68] 3
[62 55] 35
[62 55 7] 6
[62 55 7 68] 4
[62 7] 73
[62 7 68] 8
[62 7 68 76] 2
[62 68] 64
[62 68 76] 7
[62 76] 104
[62 76 38] 6
[62 38] 71
[62 38 58] 4
[62 38 58 42] 4
[62 58] 77
[62 58 42] 77
[62 58 42 33] 4
[62 42] 77
[62 42 33] 4
[62 33] 32
[62 18] 35
[62 70] 16
[62 5] 45
[62 29] 14
[62 29 30] 7
[62 30] 32
[62 14] 25
[62 25] 31
[62 25 53] 2
[62 53] 37
[62 53 10] 3
[62 10] 20
[62 10 72] 5
[62 72] 73
[62 19] 28
[62 19 60] 2
[62 60] 77
[62 60 52] 3
[62 52] 32
[62 31] 20
[62 31 63] 4
[62 63] 78
[62 63 48] 2
[62 48] 18
[62 66] 18
[62 47] 10
[62 11] 12
[62 11 45] 3
[62 11 45 13] 3
[62 45] 18
[62 45 13] 5
[62 13] 15
[62 13 56] 2
[62 56] 38
[62 56 23] 4
[62 23] 26
[62 8] 17
[62 12] 7
[62 2] 18
[62 26] 10
[62 9] 9
[62 40] 15
[62 24] 3
[62 61] 4
[62 44] 14
[62 74] 2
[62 41] 5
[62 1] 3
[62 15] 2
[51] 736
[51 34] 96
[51 34 67] 7
[51 67] 62
[51 21] 7
[51 17] 49
[51 17 32] 3
[51 32] 61
[51 32 35] 8
[51 35] 100
[51 35 37] 17
[51 35 37 39] 14
[51 37] 129
[51 37 39] 16
[51 39] 95
[51 39 55] 8
[51 39 55 7] 2
[51 55] 37
[51 55 7] 3
[51 7] 70
[51 7 68] 2
[51 68] 27
[51 68 76] 3
[51 76] 50
[51 76 38] 18
[51 38] 191
[51 38 58] 15
[51 38 58 42] 15
[51 58] 49
[51 58 42] 49
[51 58 42 33] 6
[51 42] 49
[51 42 33] 6
[51 33] 119
[51 33 18] 6
[51 33 18 69] 2
[51 18] 38
[51 18 69] 4
[51 69] 73
[51 70] 13
[51 5] 13
[51 29] 54
[51 29 30] 26
[51 30] 46
[51 14] 3
[51 53] 10
[51 72] 19
[51 19] 11
[51 60] 22
[51 52] 15
[51 52 31] 2
[51 31] 28
[51 63] 18
[51 48] 20
[51 66] 20
[51 47] 9
[51 45] 8
[51 56] 11
[51 56 23] 2
[51 23] 11
[51 26] 6
[51 40] 20
[51 24] 3
[51 44] 8
[51 49] 5
[34] 731
[34 67] 58
[34 67 21] 10
[34 21] 67
[34 21 17] 12
[34 17] 146
[34 17 32] 5
[34 17 32 35] 2
[34 32] 85
[34 32 35] 10
[34 35] 40
[34 35 37] 4
[34 37] 97
[34 37 39] 5
[34 39] 39
[34 39 55] 2
[34 55] 30
[34 7] 12
[34 68] 35
[34 68 76] 4
[34 76] 62
[34 76 38] 10
[34 38] 55
[34 38 58] 3
[34 38 58 42] 3
[34 58] 31
[34 58 42] 31
[34 42] 31
[34 33] 41
[34 69] 47
[34 70] 8
[34 5] 35
[34 5 29] 3
[34 5 29 30] 2
[34 29] 44
[34 29 30] 27
[34 30] 48
[34 30 14] 2
[34 14] 12
[34 25] 18
[34 53] 15
[34 10] 20
[34 72] 38
[34 19] 10
[34 60] 37
[34 60 52] 3
[34 52] 14
[34 52 31] 2
[34 31] 20
[34 63] 12
[34 48] 5
[34 66] 44
[34 47] 8
[34 11] 19
[34 45] 14
[34 13] 4
[34 56] 11
[34 23] 17
[34 23 8] 2
[34 8] 20
[34 12] 9
[34 2] 11
[34 26] 3
[34 9] 12
[34 24] 3
[34 44] 4
[34 49] 4
[34 1] 3
[34 3] 2
[67] 714
[67 21] 135
[67 17] 48
[67 32] 149
[67 32 35] 14
[67 35] 63
[67 35 37] 2
[67 37] 43
[67 37 39] 3
[67 39] 65
[67 39 55] 12
[67 55] 158
[67 55 7] 2
[67 55 7 68] 2
[67 7] 17
[67 7 68] 4
[67 68] 152
[67 68 76] 3
[67 76] 34
[67 76 38] 4
[67 38] 69
[67 38 58] 3
[67 38 58 42] 3
[67 58] 49
[67 58 42] 49
[67 58 42 33] 4
[67 42] 49
[67 42 33] 4
[67 33] 35
[67 33 18] 2
[67 18] 41
[67 69] 6
[67 70] 141
[67 70 5] 3
[67 5] 29
[67 29] 15
[67 29 30] 5
[67 30] 12
[67 14] 45
[67 25] 20
[67 25 53] 2
[67 53] 135
[67 53 10] 10
[67 10] 40
[67 72] 10
[67 19] 24
[67 60] 10
[67 60 52] 2
[67 52] 15
[67 31] 29
[67 31 63] 3
[67 63] 19
[67 48] 45
[67 66] 34
[67 47] 33
[67 47 11] 3
[67 11] 28
[67 11 45] 3
[67 11 45 13] 2
[67 45] 41
[67 45 13] 3
[67 13] 18
[67 56] 8
[67 23] 11
[67 8] 17
[67 12] 16
[67 26] 18
[67 9] 16
[67 24] 10
[67 61] 34
[67 74] 19
[67 41] 3
[67 49] 7
[67 27] 2
[21] 682
[21 17] 36
[21 32] 52
[21 32 35] 5
[21 35] 32
[21 37] 118
[21 37 39] 4
[21 39] 24
[21 39 55] 5
[21 55] 112
[21 55 7] 6
[21 55 7 68] 3
[21 7] 24
[21 7 68] 4
[21 68] 107
[21 68 76] 5
[21 76] 54
[21 76 38] 8
[21 76 38 58] 2
[21 76 38 58 42] 2
[21 38] 47
[21 38 58] 7
[21 38 58 42] 7
[21 58] 55
[21 58 42] 55
[21 58 42 33] 9
[21 42] 55
[21 42 33] 9
[21 33] 62
[21 33 18] 5
[21 18] 51
[21 69] 3
[21 70] 90
[21 5] 18
[21 29] 27
[21 29 30] 13
[21 29 30 14] 9
[21 30] 36
[21 30 14] 18
[21 14] 215
[21 25] 4
[21 53] 55
[21 53 10] 17
[21 10] 172
[21 10 72] 7
[21 72] 19
[21 72 19] 2
[21 72 19 60] 2
[21 19] 17
[21 19 60] 3
[21 60] 21
[21 31] 7
[21 63] 13
[21 63 48] 3
[21 48] 45
[21 66] 20
[21 47] 41
[21 47 11] 6
[21 11] 95
[21 11 45] 18
[21 11 45 13] 13
[21 45] 67
[21 45 13] 24
[21 13] 107
[21 13 56] 3
[21 56] 25
[21 23] 16
[21 23 8] 4
[21 8] 63
[21 8 12] 3
[21 12] 96
[21 2] 3
[21 26] 29
[21 9] 52
[21 24] 6
[21 61] 13
[21 44] 4
[21 74] 12
[21 41] 6
[21 49] 8
[21 15] 9
[21 27] 2
[17] 619
[17 32] 17
[17 32 35] 6
[17 35] 120
[17 35 37] 10
[17 35 37 39] 6
[17 37] 104
[17 37 39] 10
[17 39] 103
[17 39 55] 7
[17 39 55 7] 7
[17 39 55 7 68] 3
[17 55] 43
[17 55 7] 9
[17 55 7 68] 3
[17 7] 99
[17 7 68] 6
[17 68] 35
[17 68 76] 4
[17 76] 55
[17 38] 8
[17 58] 50
[17 58 42] 50
[17 42] 50
[17 33] 33
[17 33 18] 4
[17 33 18 69] 2
[17 18] 25
[17 18 69] 3
[17 69] 49
[17 70] 9
[17 70 5] 4
[17 5] 241
[17 5 29] 10
[17 5 29 30] 6
[17 29] 65
[17 29 30] 48
[17 30] 61
[17 30 14] 2
[17 14] 11
[17 25] 27
[17 53] 12
[17 10] 10
[17 72] 29
[17 19] 11
[17 60] 24
[17 60 52] 4
[17 52] 53
[17 31] 3
[17 63] 21
[17 48] 5
[17 66] 15
[17 47] 4
[17 11] 10
[17 45] 7
[17 13] 3
[17 56] 15
[17 56 23] 5
[17 23] 57
[17 23 8] 2
[17 8] 19
[17 12] 4
[17 26] 2
[17 9] 2
[17 40] 28
[17 24] 3
[17 61] 3
[17 44] 8
[17 74] 2
[17 49] 4
[17 1] 18
[17 3] 3
[32] 611
[32 35] 72
[32 37] 26
[32 39] 67
[32 39 55] 5
[32 55] 85
[32 55 7] 3
[32 55 7 68] 3
[32 7] 53
[32 7 68] 3
[32 68] 87
[32 68 76] 4
[32 76] 54
[32 76 38] 6
[32 38] 79
[32 38 58] 5
[32 38 58 42] 5
[32 58] 67
[32 58 42] 67
[32 42] 67
[32 18] 22
[32 69] 26
[32 70] 46
[32 5] 8
[32 29] 4
[32 29 30] 2
[32 30] 10
[32 25] 8
[32 53] 31
[32 53 10] 3
[32 10] 25
[32 72] 28
[32 19] 14
[32 60] 27
[32 60 52] 5
[32 52] 22
[32 52 31] 6
[32 31] 123
[32 31 63] 5
[32 63] 18
[32 48] 5
[32 66] 15
[32 47] 21
[32 11] 17
[32 56] 16
[32 23] 8
[32 8] 25
[32 12] 4
[32 2] 3
[32 26] 2
[32 9] 16
[32 40] 5
[32 24] 6
[32 61] 4
[32 74] 4
[32 41] 5
[35] 587
[35 37] 51
[35 37 39] 31
[35 37 39 55] 2
[35 39] 353
[35 39 55] 34
[35 39 55 7] 13
[35 39 55 7 68] 7
[35 55] 52
[35 55 7] 23
[35 55 7 68] 12
[35 7] 316
[35 7 68] 21
[35 7 68 76] 2
[35 68] 47
[35 68 76] 6
[35 68 76 38] 2
[35 76] 54
[35 76 38] 7
[35 38] 59
[35 38 58] 4
[35 38 58 42] 4
[35 58] 73
[35 58 42] 73
[35 58 42 33] 3
[35 42] 73
[35 42 33] 3
[35 33] 37
[35 18] 27
[35 69] 64
[35 70] 16
[35 5] 51
[35 29] 22
[35 29 30] 8
[35 30] 36
[35 14] 9
[35 25] 13
[35 53] 17
[35 10] 9
[35 72] 35
[35 19] 7
[35 60] 30
[35 60 52] 11
[35 52] 126
[35 52 31] 5
[35 31] 20
[35 63] 8
[35 48] 5
[35 66] 33
[35 47] 12
[35 11] 5
[35 45] 4
[35 13] 5
[35 56] 24
[35 56 23] 4
[35 23] 33
[35 8] 6
[35 12] 3
[35 2] 3
[35 26] 2
[35 9] 5
[35 40] 56
[35 24] 4
[35 44] 8
[35 1] 3
[35 27] 2
[35 0] 2
[37] 561
[37 39] 47
[37 39 55] 4
[37 55] 12
[37 55 7] 3
[37 55 7 68] 2
[37 7] 39
[37 7 68] 2
[37 68] 27
[37 76] 20
[37 76 38] 2
[37 38] 25
[37 38 58] 2
[37 38 58 42] 2
[37 58] 13
[37 58 42] 13
[37 42] 13
[37 33] 54
[37 33 18] 2
[37 18] 29
[37 69] 68
[37 69 70] 2
[37 70] 15
[37 5] 25
[37 5 29] 10
[37 5 29 30] 6
[37 29] 198
[37 29 30] 103
[37 29 30 14] 7
[37 30] 127
[37 30 14] 9
[37 14] 59
[37 25] 8
[37 53] 12
[37 53 10] 2
[37 10] 28
[37 72] 19
[37 19] 9
[37 60] 21
[37 52] 9
[37 31] 10
[37 63] 8
[37 48] 25
[37 66] 10
[37 47] 7
[37 11] 28
[37 11 45] 6
[37 11 45 13] 6
[37 45] 30
[37 45 13] 9
[37 13] 26
[37 13 56] 2
[37 56] 19
[37 23] 12
[37 8] 11
[37 8 12] 3
[37 12] 15
[37 26] 20
[37 9] 7
[37 40] 8
[37 24] 3
[37 61] 3
[37 44] 8
[37 74] 3
[37 49] 9
[37 15] 6
[39] 507
[39 55] 48
[39 55 7] 14
[39 55 7 68] 8
[39 7] 211
[39 7 68] 18
[39 7 68 76] 3
[39 68] 47
[39 68 76] 9
[39 68 76 38] 2
[39 76] 46
[39 76 38] 9
[39 38] 63
[39 38 58] 5
[39 38 58 42] 5
[39 58] 61
[39 58 42] 61
[39 58 42 33] 4
[39 42] 61
[39 42 33] 4
[39 33] 42
[39 33 18] 2
[39 18] 17
[39 18 69] 2
[39 69] 56
[39 70] 21
[39 5] 42
[39 29] 26
[39 29 30] 11
[39 30] 33
[39 14] 8
[39 25] 12
[39 53] 17
[39 10] 10
[39 72] 35
[39 19] 7
[39 60] 31
[39 60 52] 13
[39 52] 157
[39 52 31] 6
[39 31] 19
[39 63] 11
[39 48] 12
[39 66] 32
[39 47] 14
[39 11] 7
[39 45] 3
[39 13] 2
[39 56] 25
[39 56 23] 4
[39 23] 33
[39 8] 6
[39 12] 5
[39 2] 4
[39 26] 6
[39 9] 4
[39 40] 53
[39 24] 43
[39 44] 7
[39 74] 3
[39 41] 2
[39 1] 2
[39 27] 2
[55] 477
[55 7] 27
[55 7 68] 15
[55 68] 301
[55 68 76] 18
[55 68 76 38] 2
[55 76] 41
[55 76 38] 5
[55 38] 66
[55 38 58] 5
[55 38 58 42] 5
[55 58] 46
[55 58 42] 46
[55 58 42 33] 6
[55 42] 46
[55 42 33] 6
[55 33] 29
[55 18] 30
[55 70] 91
[55 70 5] 2
[55 5] 26
[55 29] 2
[55 30] 8
[55 14] 8
[55 25] 5
[55 53] 46
[55 53 10] 7
[55 10] 55
[55 19] 14
[55 52] 11
[55 31] 15
[55 48] 9
[55 66] 15
[55 47] 41
[55 47 11] 3
[55 11] 21
[55 45] 4
[55 13] 12
[55 23] 9
[55 8] 26
[55 12] 21
[55 9] 16
[55 40] 3
[55 24] 5
[55 61] 14
[55 74] 14
[55 41] 14
[7] 461
[7 68] 27
[7 68 76] 3
[7 76] 35
[7 76 38] 5
[7 38] 45
[7 38 58] 3
[7 38 58 42] 3
[7 58] 55
[7 58 42] 55
[7 42] 55
[7 33] 20
[7 69] 38
[7 70] 10
[7 5] 51
[7 29] 14
[7 29 30] 4
[7 30] 20
[7 14] 6
[7 25] 13
[7 53] 7
[7 10] 10
[7 72] 31
[7 19] 13
[7 60] 23
[7 60 52] 8
[7 52] 71
[7 52 31] 5
[7 31] 17
[7 63] 6
[7 48] 4
[7 66] 14
[7 47] 3
[7 11] 4
[7 45] 3
[7 13] 2
[7 56] 20
[7 56 23] 2
[7 23] 19
[7 8] 5
[7 12] 2
[7 2] 10
[7 9] 3
[7 40] 48
[7 24] 4
[7 44] 2
[7 0] 4
[68] 458
[68 76] 32
[68 76 38] 3
[68 38] 55
[68 38 58] 4
[68 38 58 42] 4
[68 58] 46
[68 58 42] 46
[68 58 42 33] 4
[68 42] 46
[68 42 33] 4
[68 33] 27
[68 18] 29
[68 70] 91
[68 70 5] 2
[68 5] 23
[68 29] 4
[68 29 30] 3
[68 30] 9
[68 14] 9
[68 25] 6
[68 53] 47
[68 53 10] 8
[68 10] 46
[68 10 72] 2
[68 72] 16
[68 19] 15
[68 19 60] 2
[68 60] 18
[68 52] 12
[68 31] 22
[68 63] 11
[68 48] 10
[68 66] 9
[68 47] 45
[68 47 11] 2
[68 11] 15
[68 45] 8
[68 13] 16
[68 56] 13
[68 23] 9
[68 8] 20
[68 12] 21
[68 2] 3
[68 9] 11
[68 40] 5
[68 24] 4
[68 61] 16
[68 44] 2
[68 74] 15
[68 41] 18
[76] 408
[76 38] 35
[76 38 58] 3
[76 38 58 42] 3
[76 58] 53
[76 58 42] 53
[76 58 42 33] 3
[76 42] 53
[76 42 33] 3
[76 33] 19
[76 18] 26
[76 70] 5
[76 5] 20
[76 30] 10
[76 14] 9
[76 25] 14
[76 53] 7
[76 10] 19
[76 19] 19
[76 52] 7
[76 31] 8
[76 63] 56
[76 48] 4
[76 66] 17
[76 47] 5
[76 11] 10
[76 11 45] 3
[76 11 45 13] 2
[76 45] 4
[76 45 13] 2
[76 13] 11
[76 23] 12
[76 8] 13
[76 12] 7
[76 2] 10
[76 9] 5
[76 40] 4
[76 24] 2
[76 41] 2
[76 49] 2
[38] 371
[38 58] 32
[38 58 42] 32
[38 42] 32
[38 33] 16
[38 18] 15
[38 69] 11
[38 70] 25
[38 29] 10
[38 29 30] 3
[38 30] 12
[38 14] 2
[38 25] 2
[38 53] 20
[38 53 10] 5
[38 10] 28
[38 72] 12
[38 19] 9
[38 60] 13
[38 52] 14
[38 52 31] 3
[38 31] 52
[38 63] 13
[38 48] 4
[38 66] 16
[38 47] 10
[38 11] 11
[38 45] 2
[38 56] 14
[38 56 23] 2
[38 23] 4
[38 8] 9
[38 12] 3
[38 9] 11
[38 40] 11
[38 24] 6
[38 61] 5
[38 44] 2
[38 74] 7
[38 41] 5
[38 49] 2
[38 27] 2
[58] 357
[58 42] 357
[58 42 33] 22
[58 42 33 18] 2
[58 33] 22
[58 33 18] 2
[58 18] 14
[58 70] 14
[58 5] 24
[58 30] 5
[58 14] 9
[58 25] 3
[58 53] 16
[58 10] 15
[58 19] 11
[58 52] 21
[58 31] 8
[58 63] 19
[58 48] 2
[58 47] 18
[58 11] 9
[58 13] 9
[58 23] 13
[58 8] 13
[58 12] 10
[58 2] 2
[58 9] 7
[58 40] 10
[58 41] 2
[42] 357
[42 33] 22
[42 33 18] 2
[42 18] 14
[42 70] 14
[42 5] 24
[42 30] 5
[42 14] 9
[42 25] 3
[42 53] 16
[42 10] 15
[42 19] 11
[42 52] 21
[42 31] 8
[42 63] 19
[42 48] 2
[42 47] 18
[42 11] 9
[42 13] 9
[42 23] 13
[42 8] 13
[42 12] 10
[42 2] 2
[42 9] 7
[42 40] 10
[42 41] 2
[33] 308
[33 18] 22
[33 18 69] 3
[33 69] 32
[33 70] 23
[33 29] 22
[33 29 30] 10
[33 30] 15
[33 14] 23
[33 53] 14
[33 10] 3
[33 72] 6
[33 19] 4
[33 60] 4
[33 52] 8
[33 63] 3
[33 48] 9
[33 66] 9
[33 47] 11
[33 11] 9
[33 11 45] 4
[33 11 45 13] 3
[33 45] 14
[33 45 13] 5
[33 13] 23
[33 56] 5
[33 23] 5
[33 12] 16
[33 26] 4
[33 40] 6
[33 61] 3
[33 44] 2
[33 74] 3
[33 41] 4
[33 27] 2
[18] 287
[18 69] 9
[18 70] 22
[18 70 5] 2
[18 5] 9
[18 29] 7
[18 29 30] 5
[18 30] 9
[18 14] 17
[18 25] 7
[18 53] 15
[18 10] 13
[18 72] 7
[18 19] 34
[18 60] 7
[18 52] 3
[18 31] 7
[18 63] 6
[18 48] 8
[18 66] 6
[18 47] 8
[18 11] 3
[18 45] 5
[18 13] 8
[18 56] 6
[18 23] 2
[18 8] 6
[18 12] 8
[18 2] 3
[18 26] 6
[18 9] 3
[18 61] 6
[18 74] 6
[18 49] 3
[18 27] 2
[69] 279
[69 70] 2
[69 5] 16
[69 5 29] 5
[69 5 29 30] 3
[69 29] 45
[69 29 30] 25
[69 30] 32
[69 14] 2
[69 25] 12
[69 72] 21
[69 19] 5
[69 60] 20
[69 60 52] 5
[69 52] 33
[69 31] 4
[69 48] 4
[69 45] 2
[69 23] 5
[69 2] 4
[69 26] 2
[69 40] 14
[69 24] 2
[69 44] 6
[70] 242
[70 5] 4
[70 29] 5
[70 30] 5
[70 14] 24
[70 25] 3
[70 53] 50
[70 53 10] 7
[70 10] 31
[70 19] 10
[70 52] 4
[70 31] 18
[70 63] 6
[70 48] 40
[70 66] 12
[70 47] 38
[70 47 11] 2
[70 11] 13
[70 11 45] 5
[70 11 45 13] 5
[70 45] 20
[70 45 13] 6
[70 13] 18
[70 56] 2
[70 23] 4
[70 8] 5
[70 12] 19
[70 26] 6
[70 9] 9
[70 24] 4
[70 61] 23
[70 74] 27
[70 41] 2
[5] 241
[5 29] 10
[5 29 30] 6
[5 30] 12
[5 14] 4
[5 25] 7
[5 53] 9
[5 10] 6
[5 72] 16
[5 19] 5
[5 60] 10
[5 52] 25
[5 63] 5
[5 66] 6
[5 47] 4
[5 11] 6
[5 45] 4
[5 13] 2
[5 56] 7
[5 23] 26
[5 8] 4
[5 12] 2
[5 26] 2
[5 9] 2
[5 40] 15
[5 61] 3
[5 44] 2
[5 49] 2
[5 1] 10
[29] 220
[29 30] 113
[29 30 14] 9
[29 14] 18
[29 53] 3
[29 10] 6
[29 72] 4
[29 19] 3
[29 60] 4
[29 52] 5
[29 48] 8
[29 66] 2
[29 47] 3
[29 11] 7
[29 45] 8
[29 13] 6
[29 56] 5
[29 23] 5
[29 8] 3
[29 12] 4
[29 26] 9
[29 9] 3
[29 40] 5
[29 49] 2
[29 27] 2
[30] 216
[30 14] 18
[30 53] 7
[30 10] 8
[30 72] 6
[30 19] 8
[30 60] 6
[30 52] 8
[30 63] 3
[30 48] 6
[30 66] 8
[30 47] 3
[30 11] 6
[30 45] 7
[30 13] 4
[30 56] 4
[30 56 23] 2
[30 23] 9
[30 8] 4
[30 12] 2
[30 26] 5
[30 9] 4
[30 40] 2
[30 44] 2
[14] 215
[14 53] 16
[14 53 10] 2
[14 10] 8
[14 19] 4
[14 63] 5
[14 63 48] 2
[14 48] 31
[14 66] 2
[14 47] 8
[14 47 11] 2
[14 11] 31
[14 11 45] 10
[14 11 45 13] 9
[14 45] 41
[14 45 13] 9
[14 13] 18
[14 56] 2
[14 23] 4
[14 12] 10
[14 26] 29
[14 61] 3
[14 74] 2
[14 49] 2
[14 27] 2
[25] 213
[25 53] 4
[25 72] 2
[25 19] 12
[25 60] 3
[25 52] 3
[25 63] 11
[25 48] 2
[25 66] 3
[25 11] 2
[25 23] 3
[25 8] 3
[25 24] 5
[25 1] 2
[53] 199
[53 10] 17
[53 19] 6
[53 60] 2
[53 31] 7
[53 63] 4
[53 48] 11
[53 66] 18
[53 47] 15
[53 11] 9
[53 11 45] 2
[53 45] 10
[53 13] 7
[53 56] 4
[53 23] 5
[53 8] 5
[53 12] 9
[53 26] 7
[53 9] 5
[53 61] 35
[53 44] 2
[53 74] 11
[10] 180
[10 72] 7
[10 19] 7
[10 60] 6
[10 31] 3
[10 63] 5
[10 48] 7
[10 66] 5
[10 47] 10
[10 47 11] 4
[10 11] 48
[10 11 45] 12
[10 11 45 13] 10
[10 45] 15
[10 45 13] 10
[10 13] 13
[10 56] 8
[10 23] 4
[10 8] 18
[10 8 12] 4
[10 12] 20
[10 26] 2
[10 9] 25
[10 24] 3
[10 61] 4
[10 74] 2
[10 41] 2
[10 49] 3
[72] 171
[72 19] 5
[72 19 60] 5
[72 60] 144
[72 60 52] 12
[72 52] 17
[72 31] 8
[72 47] 2
[72 11] 5
[72 13] 2
[72 56] 42
[72 23] 8
[72 8] 7
[72 2] 3
[72 40] 8
[72 44] 6
[19] 169
[19 60] 6
[19 31] 4
[19 63] 4
[19 48] 3
[19 66] 7
[19 47] 2
[19 11] 3
[19 45] 2
[19 13] 6
[19 56] 3
[19 12] 2
[19 2] 6
[19 26] 2
[19 24] 3
[19 74] 2
[60] 168
[60 52] 13
[60 31] 7
[60 47] 2
[60 11] 5
[60 13] 4
[60 56] 40
[60 56 23] 2
[60 23] 3
[60 8] 7
[60 2] 4
[60 40] 6
[60 44] 23
[52] 157
[52 31] 6
[52 48] 2
[52 66] 8
[52 47] 6
[52 56] 7
[52 56 23] 3
[52 23] 16
[52 40] 30
[52 24] 10
[52 44] 3
[52 1] 2
[31] 137
[31 63] 6
[31 48] 2
[31 47] 7
[31 11] 3
[31 56] 2
[31 8] 4
[31 9] 3
[31 40] 4
[31 61] 2
[63] 137
[63 48] 3
[63 66] 5
[63 47] 5
[63 11] 2
[63 11 45] 2
[63 11 45 13] 2
[63 45] 5
[63 45 13] 2
[63 13] 4
[63 12] 2
[63 2] 4
[63 26] 2
[63 24] 4
[48] 133
[48 47] 4
[48 11] 3
[48 45] 15
[48 13] 4
[48 23] 4
[48 12] 4
[48 26] 14
[48 61] 5
[48 74] 4
[48 41] 2
[48 49] 2
[66] 132
[66 11] 3
[66 23] 5
[66 8] 4
[66 12] 2
[66 9] 5
[66 61] 4
[47] 123
[47 11] 6
[47 45] 4
[47 13] 11
[47 56] 2
[47 12] 12
[47 26] 3
[47 9] 3
[47 61] 9
[47 74] 3
[11] 113
[11 45] 18
[11 45 13] 13
[11 13] 25
[11 56] 2
[11 23] 3
[11 23 8] 2
[11 8] 43
[11 8 12] 4
[11 12] 32
[11 26] 5
[11 9] 32
[11 24] 2
[11 61] 3
[11 74] 2
[11 49] 4
[11 15] 3
[45] 111
[45 13] 24
[45 56] 2
[45 8] 3
[45 8 12] 2
[45 12] 15
[45 26] 10
[45 9] 3
[45 61] 5
[13] 107
[13 56] 3
[13 12] 22
[13 26] 3
[13 61] 2
[13 49] 5
[56] 103
[56 23] 6
[56 8] 6
[56 12] 2
[56 9] 2
[56 40] 2
[56 44] 6
[23] 98
[23 8] 5
[23 12] 2
[23 40] 6
[23 44] 2
[8] 98
[8 12] 4
[8 2] 2
[8 9] 29
[8 24] 3
[12] 97
[12 9] 5
[12 74] 3
[12 49] 3
[2] 87
[2 24] 2
[26] 72
[26 61] 2
[9] 61
[9 24] 3
[9 61] 5
[9 74] 3
[40] 56
[40 44] 3
[24] 43
[61] 35
[61 74] 10
[44] 34
[74] 27
[41] 23
[49] 19
[1] 18
[1 3] 2
[15] 9
[27] 6
[0] 4
[3] 3
[46] 2
